list(N=1.00000E+02, observed=c(1.30000E+01, 0.00000E+00, 0.00000E+00, 1.50000E+01, 1.00000E+00, 0.00000E+00, 7.00000E+00, 6.00000E+00, 8.00000E+00, 5.00000E+00, 9.00000E+00, 5.00000E+00, 3.00000E+00, 6.00000E+00, 0.00000E+00, 5.00000E+00, 2.00000E+00, 5.00000E+00, 2.00000E+00, 2.00000E+00, 1.00000E+00, 0.00000E+00, 1.00000E+01, 1.50000E+01, 1.30000E+01, 3.80000E+01, 1.00000E+00, 0.00000E+00, 8.00000E+00, 1.00000E+00, 4.00000E+00, 1.60000E+01, 1.00000E+01, 1.00000E+01, 2.00000E+00, 1.10000E+01, 0.00000E+00, 0.00000E+00, 4.00000E+00, 4.00000E+00, 2.30000E+01, 1.80000E+01, 6.00000E+00, 2.00000E+00, 5.00000E+00, 7.00000E+00, 7.00000E+00, 0.00000E+00, 4.00000E+00, 2.00000E+00, 6.00000E+00, 1.00000E+00, 5.00000E+00, 1.00000E+01, 8.00000E+00, 5.00000E+00, 0.00000E+00, 2.00000E+00, 2.00000E+00, 4.40000E+01, 0.00000E+00, 3.00000E+00, 5.00000E+00, 8.00000E+00, 1.20000E+01, 9.00000E+00, 2.90000E+01, 4.00000E+00, 1.00000E+00, 3.00000E+00, 4.00000E+00, 1.00000E+00, 4.00000E+00, 1.40000E+01, 1.00000E+00, 7.00000E+00, 4.00000E+00, 3.10000E+01, 1.60000E+01, 3.00000E+00, 1.20000E+01, 4.00000E+00, 8.00000E+00, 5.00000E+00, 1.00000E+00, 5.00000E+00, 3.00000E+00, 3.00000E+00, 0.00000E+00, 4.00000E+00, 4.00000E+00, 1.60000E+01, 4.00000E+00, 5.00000E+00, 1.00000E+00, 1.80000E+01, 4.00000E+00, 1.10000E+01, 1.00000E+00, 0.00000E+00), expected=c(9.44419E+00, 2.69459E+00, 9.84444E-01, 3.17367E+00, 2.20540E+00, 1.57875E+00, 5.44173E+00, 2.67639E+00, 3.60221E+00, 4.40877E+00, 1.51912E+01, 7.22262E+00, 8.28590E+00, 7.29539E+00, 5.78133E-01, 4.87977E+00, 2.09220E+00, 1.16314E+01, 3.32730E+00, 2.07602E+00, 1.51811E+00, 5.74090E-01, 9.83635E+00, 6.77184E+00, 1.18618E+01, 4.11687E+01, 1.02689E+00, 1.05317E+00, 1.11361E+01, 2.43988E+00, 5.01925E+00, 1.61109E+01, 7.39242E+00, 2.39703E+01, 2.82800E+00, 1.82213E+01, 8.49007E-01, 8.38900E-01, 3.37783E+00, 1.75866E+00, 3.27151E+01, 7.29337E+00, 7.63298E+00, 4.26525E+00, 5.20320E+00, 2.93514E+00, 3.02004E+00, 6.83248E-01, 8.36676E+00, 2.31051E+00, 8.08376E+00, 1.16840E+00, 4.55229E+00, 7.25497E+00, 4.47952E+00, 3.93373E+00, 1.61109E+00, 1.54641E+00, 3.13122E+00, 4.36390E+01, 1.35639E+00, 2.54298E+00, 5.35279E+00, 8.12823E+00, 1.11705E+01, 2.87247E+00, 2.25553E+01, 6.39585E+00, 1.09562E+00, 3.31113E+00, 2.48233E+00, 9.78379E-01, 3.14537E+00, 1.02972E+01, 1.07743E+00, 9.00756E+00, 5.57110E+00, 1.59472E+01, 8.99341E+00, 9.31078E+00, 6.04816E+00, 6.11487E+00, 4.55836E+00, 4.76252E+00, 3.25857E+00, 6.44437E+00, 1.36448E+00, 2.37115E+00, 5.01318E-01, 7.91396E+00, 4.40675E+00, 2.92786E+01, 1.95676E+00, 2.00123E+00, 2.67437E+00, 1.34184E+01, 6.35947E+00, 7.48339E+00, 2.56521E+00, 1.55651E+00), nonwhite=c(2.66053E-01, 9.60240E-02, 2.05339E-02, 6.06369E-01, 9.16590E-03, 5.12164E-03, 4.20134E-01, 6.95619E-01, 4.59035E-01, 3.02155E-01, 1.23752E-01, 9.12399E-02, 2.08831E-01, 8.56193E-02, 4.02098E-01, 1.41259E-01, 5.31401E-01, 1.37296E-01, 3.59052E-01, 3.11587E-02, 4.90013E-01, 3.52113E-03, 3.06412E-01, 4.27164E-01, 2.97205E-01, 3.45821E-01, 2.42126E-01, 8.25336E-02, 1.33600E-01, 1.22618E-01, 4.27306E-01, 4.68256E-01, 5.97758E-01, 3.30494E-01, 5.26090E-01, 1.68959E-01, 6.04762E-01, 9.63855E-02, 5.56553E-01, 6.13793E-01, 3.38791E-01, 6.55488E-01, 2.78337E-01, 2.70142E-02, 6.13831E-02, 6.57025E-01, 6.60643E-01, 3.96450E-01, 2.76395E-01, 1.88101E-01, 2.91323E-01, 5.13841E-01, 3.26821E-01, 5.08777E-01, 1.36282E-01, 6.88592E-02, 1.12923E-02, 6.53595E-03, 5.70045E-01, 3.71827E-01, 1.49031E-03, 3.75199E-01, 3.18731E-01, 4.60333E-01, 2.95512E-01, 7.50176E-01, 1.98692E-01, 2.45259E-01, 4.09594E-01, 3.79731E-01, 4.72313E-01, 4.75207E-01, 3.93959E-01, 5.14331E-01, 1.78236E-01, 8.61759E-02, 3.78447E-01, 7.48384E-01, 2.79389E-01, 2.29483E-01, 1.65441E-01, 4.61488E-01, 5.34812E-01, 1.57046E-01, 9.92556E-02, 6.52447E-02, 4.16296E-01, 7.84314E-02, 4.67742E-01, 2.64112E-01, 5.40826E-01, 3.03576E-01, 7.72727E-01, 5.26263E-01, 1.28496E-02, 3.90630E-01, 6.35728E-02, 4.93517E-01, 5.12214E-02, 1.55844E-02), adj=c(1.70000E+01, 1.90000E+01, 3.20000E+01, 4.10000E+01, 6.80000E+01, 1.40000E+01, 1.80000E+01, 4.90000E+01, 9.70000E+01, 5.00000E+00, 8.60000E+01, 9.70000E+01, 6.20000E+01, 7.70000E+01, 8.40000E+01, 9.00000E+01, 3.00000E+00, 9.50000E+01, 9.70000E+01, 1.20000E+01, 1.40000E+01, 5.60000E+01, 6.10000E+01, 9.50000E+01, 1.00000E+02, 5.90000E+01, 7.40000E+01, 9.40000E+01, 2.10000E+01, 4.60000E+01, 5.90000E+01, 9.40000E+01, 2.40000E+01, 7.80000E+01, 6.50000E+01, 4.40000E+01, 4.50000E+01, 5.60000E+01, 5.80000E+01, 8.80000E+01, 1.00000E+02, 6.00000E+00, 1.40000E+01, 1.80000E+01, 5.60000E+01, 6.10000E+01, 8.10000E+01, 6.00000E+01, 8.00000E+01, 8.40000E+01, 9.00000E+01, 2.00000E+00, 6.00000E+00, 1.20000E+01, 1.80000E+01, 5.60000E+01, 9.50000E+01, 9.70000E+01, 2.70000E+01, 7.00000E+01, 7.20000E+01, 8.90000E+01, 6.90000E+01, 1.00000E+00, 6.80000E+01, 7.30000E+01, 7.90000E+01, 2.00000E+00, 1.20000E+01, 1.40000E+01, 3.60000E+01, 4.90000E+01, 5.50000E+01, 1.00000E+00, 3.20000E+01, 4.30000E+01, 5.30000E+01, 6.30000E+01, 6.80000E+01, 9.20000E+01, 2.20000E+01, 3.80000E+01, 8.00000E+00, 3.70000E+01, 4.60000E+01, 5.90000E+01, 7.00000E+01, 7.20000E+01, 8.90000E+01, 9.40000E+01, 2.00000E+01, 3.80000E+01, 5.70000E+01, 3.60000E+01, 5.50000E+01, 8.10000E+01, 9.00000E+00, 7.80000E+01, 5.20000E+01, 6.90000E+01, 4.30000E+01, 4.70000E+01, 8.20000E+01, 1.50000E+01, 7.00000E+01, 3.00000E+01, 3.40000E+01, 7.60000E+01, 8.00000E+01, 2.90000E+01, 3.40000E+01, 4.90000E+01, 8.00000E+01, 9.90000E+01, 7.10000E+01, 8.20000E+01, 1.00000E+00, 1.90000E+01, 3.90000E+01, 6.80000E+01, 7.30000E+01, 9.20000E+01, 4.20000E+01, 5.90000E+01, 6.40000E+01, 7.40000E+01, 9.80000E+01, 2.90000E+01, 3.00000E+01, 4.10000E+01, 8.50000E+01, 9.90000E+01, 3.90000E+01, 6.40000E+01, 9.10000E+01, 9.20000E+01, 9.30000E+01, 1.80000E+01, 2.30000E+01, 5.50000E+01, 6.00000E+01, 2.10000E+01, 4.60000E+01, 7.20000E+01, 2.00000E+01, 2.20000E+01, 5.70000E+01, 8.70000E+01, 3.20000E+01, 3.50000E+01, 7.30000E+01, 9.10000E+01, 9.30000E+01, 5.40000E+01, 7.40000E+01, 9.60000E+01, 9.80000E+01, 1.00000E+00, 3.40000E+01, 7.60000E+01, 7.90000E+01, 3.30000E+01, 6.60000E+01, 1.90000E+01, 2.60000E+01, 5.10000E+01, 5.30000E+01, 9.20000E+01, 1.10000E+01, 5.00000E+01, 5.80000E+01, 8.70000E+01, 8.80000E+01, 1.10000E+01, 7.50000E+01, 8.10000E+01, 8.80000E+01, 8.00000E+00, 2.10000E+01, 3.70000E+01, 6.60000E+01, 7.20000E+01, 2.60000E+01, 6.30000E+01, 7.80000E+01, 8.30000E+01, 2.00000E+00, 1.80000E+01, 3.00000E+01, 5.50000E+01, 8.00000E+01, 9.70000E+01, 9.90000E+01, 4.40000E+01, 5.70000E+01, 8.70000E+01, 8.80000E+01, 4.30000E+01, 9.20000E+01, 9.60000E+01, 9.80000E+01, 2.50000E+01, 5.40000E+01, 6.70000E+01, 1.90000E+01, 4.30000E+01, 6.30000E+01, 4.00000E+01, 5.20000E+01, 7.40000E+01, 9.60000E+01, 1.80000E+01, 2.30000E+01, 3.60000E+01, 4.90000E+01, 6.00000E+01, 6.00000E+00, 1.10000E+01, 1.20000E+01, 1.40000E+01, 6.10000E+01, 8.10000E+01, 1.00000E+02, 2.20000E+01, 3.80000E+01, 5.00000E+01, 8.70000E+01, 1.10000E+01, 4.40000E+01, 1.00000E+02, 7.00000E+00, 8.00000E+00, 2.10000E+01, 3.30000E+01, 7.40000E+01, 9.40000E+01, 1.30000E+01, 3.60000E+01, 5.50000E+01, 9.00000E+01, 6.00000E+00, 1.20000E+01, 5.60000E+01, 9.50000E+01, 1.00000E+02, 4.00000E+00, 6.30000E+01, 7.60000E+01, 8.40000E+01, 1.90000E+01, 4.70000E+01, 5.30000E+01, 6.20000E+01, 3.30000E+01, 3.50000E+01, 9.80000E+01, 1.00000E+01, 7.10000E+01, 4.20000E+01, 4.60000E+01, 5.20000E+01, 1.00000E+00, 1.70000E+01, 1.90000E+01, 3.20000E+01, 7.30000E+01, 1.60000E+01, 2.50000E+01, 1.50000E+01, 2.10000E+01, 2.70000E+01, 7.20000E+01, 8.90000E+01, 3.10000E+01, 6.50000E+01, 1.50000E+01, 2.10000E+01, 3.70000E+01, 4.60000E+01, 7.00000E+01, 8.90000E+01, 9.40000E+01, 1.70000E+01, 3.20000E+01, 3.90000E+01, 6.80000E+01, 7.00000E+00, 3.30000E+01, 4.00000E+01, 5.40000E+01, 5.90000E+01, 4.50000E+01, 8.10000E+01, 2.90000E+01, 4.10000E+01, 6.20000E+01, 4.00000E+00, 8.30000E+01, 9.00000E+00, 2.40000E+01, 4.70000E+01, 8.30000E+01, 1.70000E+01, 4.10000E+01, 8.50000E+01, 1.30000E+01, 2.90000E+01, 3.00000E+01, 4.90000E+01, 8.40000E+01, 