list(alpha=1.00000E+00, bage=1.00000E+00, bsex=1.00000E+00, beduc=1.00000E+00, precu=2.00000E-02, u=c(-1.00000E-01, 1.00000E-01, -1.00000E-01, 1.00000E-01, -1.00000E-01, 1.00000E-01, -1.00000E-01, 1.00000E-01, -1.00000E-01, 1.00000E-01, -1.00000E-01, 1.00000E-01, -1.00000E-01, 1.00000E-01, -1.00000E-01, 1.00000E-01, -1.00000E-01, 1.00000E-01, -1.00000E-01, 1.00000E-01, -1.00000E-01, 1.00000E-01, -1.00000E-01, 1.00000E-01, -1.00000E-01, 1.00000E-01, -1.00000E-01, 1.00000E-01, -1.00000E-01, 1.00000E-01, -1.00000E-01, 1.00000E-01, -1.00000E-01, 1.00000E-01, -1.00000E-01, 1.00000E-01, -1.00000E-01, 1.00000E-01, -1.00000E-01, 1.00000E-01, -1.00000E-01, 1.00000E-01, -1.00000E-01, 1.00000E-01, -1.00000E-01, 1.00000E-01, -1.00000E-01, 1.00000E-01, -1.00000E-01, 1.00000E-01, -1.00000E-01, 1.00000E-01, -1.00000E-01, 1.00000E-01, -1.00000E-01, 1.00000E-01, -1.00000E-01, 1.00000E-01, -1.00000E-01, 1.00000E-01, -1.00000E-01, 1.00000E-01, -1.00000E-01, 1.00000E-01, -1.00000E-01, 1.00000E-01, -1.00000E-01, 1.00000E-01, -1.00000E-01, 1.00000E-01, -1.00000E-01, 1.00000E-01, -1.00000E-01, 1.00000E-01, -1.00000E-01, 1.00000E-01, -1.00000E-01, 1.00000E-01, -1.00000E-01, 1.00000E-01, -1.00000E-01, 1.00000E-01, -1.00000E-01, 1.00000E-01, -1.00000E-01, 1.00000E-01, -1.00000E-01, 1.00000E-01, -1.00000E-01, 1.00000E-01, -1.00000E-01, 1.00000E-01, -1.00000E-01, 1.00000E-01, -1.00000E-01, 1.00000E-01, -1.00000E-01, 1.00000E-01, -1.00000E-01, 1.00000E-01, -1.00000E-01, 1.00000E-01, -1.00000E-01, 1.00000E-01, -1.00000E-01, 1.00000E-01, -1.00000E-01, 1.00000E-01, -1.00000E-01, 1.00000E-01, -1.00000E-01, 1.00000E-01, -1.00000E-01, 1.00000E-01, -1.00000E-01, 1.00000E-01, -1.00000E-01, 1.00000E-01, -1.00000E-01, 1.00000E-01, -1.00000E-01, 1.00000E-01, -1.00000E-01, 1.00000E-01, -1.00000E-01, 1.00000E-01, -1.00000E-01, 1.00000E-01, -1.00000E-01, 1.00000E-01, -1.00000E-01, 1.00000E-01, -1.00000E-01, 1.00000E-01, -1.00000E-01, 1.00000E-01, -1.00000E-01, 1.00000E-01, -1.00000E-01, 1.00000E-01, -1.00000E-01, 1.00000E-01, -1.00000E-01, 1.00000E-01, -1.00000E-01, 1.00000E-01, -1.00000E-01, 1.00000E-01, -1.00000E-01, 1.00000E-01, -1.00000E-01, 1.00000E-01, -1.00000E-01, 1.00000E-01, -1.00000E-01, 1.00000E-01, -1.00000E-01, 1.00000E-01, -1.00000E-01, 1.00000E-01, -1.00000E-01, 1.00000E-01, -1.00000E-01, 1.00000E-01, -1.00000E-01, 1.00000E-01, -1.00000E-01, 1.00000E-01, -1.00000E-01, 1.00000E-01, -1.00000E-01, 1.00000E-01, -1.00000E-01, 1.00000E-01, -1.00000E-01, 1.00000E-01, -1.00000E-01, 1.00000E-01, -1.00000E-01, 1.00000E-01, -1.00000E-01, 1.00000E-01, -1.00000E-01, 1.00000E-01, -1.00000E-01, 1.00000E-01, -1.00000E-01, 1.00000E-01, -1.00000E-01, 1.00000E-01, -1.00000E-01, 1.00000E-01, -1.00000E-01, 1.00000E-01, -1.00000E-01, 1.00000E-01, -1.00000E-01, 1.00000E-01, -1.00000E-01, 1.00000E-01, -1.00000E-01, 1.00000E-01, -1.00000E-01, 1.00000E-01, -1.00000E-01, 1.00000E-01, -1.00000E-01, 1.00000E-01, -1.00000E-01, 1.00000E-01, -1.00000E-01, 1.00000E-01, -1.00000E-01, 1.00000E-01, -1.00000E-01, 1.00000E-01, -1.00000E-01, 1.00000E-01, -1.00000E-01, 1.00000E-01, -1.00000E-01, 1.00000E-01, -1.00000E-01, 1.00000E-01, -1.00000E-01, 1.00000E-01, -1.00000E-01, 1.00000E-01, -1.00000E-01, 1.00000E-01, -1.00000E-01, 1.00000E-01, -1.00000E-01, 1.00000E-01, -1.00000E-01, 1.00000E-01, -1.00000E-01, 1.00000E-01, -1.00000E-01, 1.00000E-01, -1.00000E-01, 1.00000E-01, -1.00000E-01, 1.00000E-01, -1.00000E-01, 1.00000E-01, -1.00000E-01, 1.00000E-01, -1.00000E-01, 1.00000E-01, -1.00000E-01, 1.00000E-01, -1.00000E-01, 1.00000E-01, -1.00000E-01, 1.00000E-01, -1.00000E-01, 1.00000E-01, -1.00000E-01, 1.00000E-01, -1.00000E-01, 1.00000E-01, -1.00000E-01, 1.00000E-01, -1.00000E-01, 1.00000E-01, -1.00000E-01, 1.00000E-01, -1.00000E-01, 1.00000E-01, -1.00000E-01, 1.00000E-01, -1.00000E-01, 1.00000E-01, -1.00000E-01, 1.00000E-01, -1.00000E-01, 1.00000E-01, -1.00000E-01, 1.00000E-01, -1.00000E-01, 1.00000E-01, -1.00000E-01, 1.00000E-01), precv=2.00000E-02, v=c(-5.00000E-01, 5.00000E-01, -5.00000E-01, 5.00000E-01, -5.00000E-01, 5.00000E-01, -5.00000E-01, 5.00000E-01, -5.00000E-01, 5.00000E-01, -5.00000E-01, 5.00000E-01, -5.00000E-01, 5.00000E-01, -5.00000E-01, 5.00000E-01, -5.00000E-01, 5.00000E-01, -5.00000E-01, 5.00000E-01, -5.00000E-01, 5.00000E-01, -5.00000E-01, 5.00000E-01, -5.00000E-01, 5.00000E-01, -5.00000E-01, 5.00000E-01, -5.00000E-01, 5.00000E-01, -5.00000E-01, 5.00000E-01, -5.00000E-01, 5.00000E-01, -5.00000E-01, 5.00000E-01, -5.00000E-01, 5.00000E-01, -5.00000E-01, 5.00000E-01, -5.00000E-01, 5.00000E-01, -5.00000E-01, 5.00000E-01, -5.00000E-01, 5.00000E-01, -5.00000E-01, 5.00000E-01, -5.00000E-01, 5.00000E-01, -5.00000E-01, 5.00000E-01, -5.00000E-01, 5.00000E-01, -5.00000E-01, 5.00000E-01, -5.00000E-01, 5.00000E-01, -5.00000E-01, 5.00000E-01, -5.00000E-01, 5.00000E-01, -5.00000E-01, 5.00000E-01, -5.00000E-01, 5.00000E-01, -5.00000E-01, 5.00000E-01, -5.00000E-01, 5.00000E-01, -5.00000E-01, 5.00000E-01, -5.00000E-01, 5.00000E-01, -5.00000E-01, 5.00000E-01, -5.00000E-01, 5.00000E-01, -5.00000E-01, 5.00000E-01, -5.00000E-01, 5.00000E-01,     NA, 5.00000E-01, -5.00000E-01, 5.00000E-01, -5.00000E-01, 5.00000E-01, -5.00000E-01, 5.00000E-01, -5.00000E-01, 5.00000E-01, -5.00000E-01, 5.00000E-01, -5.00000E-01, 5.00000E-01, -5.00000E-01, 5.00000E-01, -5.00000E-01, 5.00000E-01, -5.00000E-01, 5.00000E-01, -5.00000E-01, 5.00000E-01, -5.00000E-01, 5.00000E-01, -5.00000E-01, 5.00000E-01, -5.00000E-01, 5.00000E-01, -5.00000E-01, 5.00000E-01, -5.00000E-01, 5.00000E-01, -5.00000E-01, 5.00000E-01, -5.00000E-01, 5.00000E-01, -5.00000E-01, 5.00000E-01, -5.00000E-01, 5.00000E-01, -5.00000E-01, 5.00000E-01, -5.00000E-01, 5.00000E-01, -5.00000E-01, 5.00000E-01, -5.00000E-01,     NA, -5.00000E-01, 5.00000E-01, -5.00000E-01, 5.00000E-01, -5.00000E-01, 5.00000E-01, -5.00000E-01, 5.00000E-01, -5.00000E-01, 5.00000E-01, -5.00000E-01, 5.00000E-01, -5.00000E-01, 5.00000E-01, -5.00000E-01, 5.00000E-01, -5.00000E-01, 5.00000E-01, -5.00000E-01, 5.00000E-01, -5.00000E-01, 5.00000E-01, -5.00000E-01, 5.00000E-01, -5.00000E-01, 5.00000E-01, -5.00000E-01, 5.00000E-01, -5.00000E-01, 5.00000E-01, -5.00000E-01, 5.00000E-01, -5.00000E-01, 5.00000E-01, -5.00000E-01, 5.00000E-01, -5.00000E-01, 5.00000E-01, -5.00000E-01, 5.00000E-01, -5.00000E-01, 5.00000E-01, -5.00000E-01, 5.00000E-01, -5.00000E-01, 5.00000E-01, -5.00000E-01, 5.00000E-01, -5.00000E-01, 5.00000E-01, -5.00000E-01, 5.00000E-01, -5.00000E-01, 5.00000E-01, -5.00000E-01, 5.00000E-01, -5.00000E-01, 5.00000E-01, -5.00000E-01, 5.00000E-01, -5.00000E-01, 5.00000E-01, -5.00000E-01, 5.00000E-01, -5.00000E-01, 5.00000E-01, -5.00000E-01, 5.00000E-01, -5.00000E-01, 5.00000E-01, -5.00000E-01, 5.00000E-01, -5.00000E-01, 5.00000E-01, -5.00000E-01, 5.00000E-01, -5.00000E-01, 5.00000E-01, -5.00000E-01, 5.00000E-01, -5.00000E-01, 5.00000E-01, -5.00000E-01, 5.00000E-01, -5.00000E-01, 5.00000E-01, -5.00000E-01, 5.00000E-01, -5.00000E-01, 5.00000E-01, -5.00000E-01, 5.00000E-01, -5.00000E-01, 5.00000E-01, -5.00000E-01, 5.00000E-01, -5.00000E-01, 5.00000E-01, -5.00000E-01, 5.00000E-01, -5.00000E-01, 5.00000E-01, -5.00000E-01, 5.00000E-01, -5.00000E-01, 5.00000E-01, -5.00000E-01, 5.00000E-01, -5.00000E-01, 5.00000E-01, -5.00000E-01, 5.00000E-01, -5.00000E-01, 5.00000E-01, -5.00000E-01, 5.00000E-01, -5.00000E-01, 5.00000E-01, -5.00000E-01, 5.00000E-01, -5.00000E-01, 5.00000E-01, -5.00000E-01, 5.00000E-01, -5.00000E-01, 5.00000E-01, -5.00000E-01, 5.00000E-01, -5.00000E-01, 5.00000E-01, -5.00000E-01, 5.00000E-01, -5.00000E-01, 5.00000E-01, -5.00000E-01, 5.00000E-01, -5.00000E-01, 5.00000E-01, -5.00000E-01, 5.00000E-01, -5.00000E-01, 5.00000E-01, -5.00000E-01, 5.00000E-01, -5.00000E-01, 5.00000E-01, -5.00000E-01, 5.00000E-01, -5.00000E-01, 5.00000E-01, -5.00000E-01, 5.00000E-01, -5.00000E-01, 5.00000E-01))
